Ce=2.800000e-31;
Ch=9.900000e-32;
Da=8.000000e-01;
Egap=1.842300e-19;
